1.098619383270680538e+00
-4.669442318024533134e-02
-1.207736428642643568e-03
-3.164446199207870698e-03
3.636957171420279137e-03
-5.698642428249523157e-04
-5.602684605882590763e-02
2.349877147912796810e-03
4.903987018649487162e-01
-6.619810434108410737e-04
-1.285233398877164493e-02
-2.581864001585385981e+00
-7.562439376470945357e-03
-1.804691803008195983e-01
7.823901000581444443e+00
1.009956438054349509e-01
2.660260871536313410e+00
-1.115071770757571024e+01
1.882526999774491094e-03
-6.610003066665722793e-01
-1.377536704067965623e+01
2.196480182366505329e-01
-8.740622126988427387e-02
1.686430306261204937e+00
3.198040977700396681e+01
1.193163475520329975e+01
8.227116674939661811e-01
1.713324848501641684e+00
-2.478214558914840637e+01
4.571667456003526420e-01
1.863768838404195050e-02
-3.639145985809583372e+00
-1.659314443855491561e+01
-9.109093370890851915e+00
-2.842047435780501452e-01
6.864502967053094373e+00
2.217022739027584421e+01
1.793237083428060208e+00
-8.565115586979872297e-01
1.830109002841796784e+00
4.474789932033190060e-03
-5.076662205259581562e+00
-9.377190570431521266e+00
-1.401322773505324082e-01
5.019408834309503575e+00
8.749190654179410664e-01
1.353757704697627240e+00
-2.244840043150760772e-02
-1.595227841739267349e+00
4.228839868431957111e-02
1.304516353614300073e-01
-1.101896459249583106e-02
